小星星
11 7 7 9 5 5 3 5 7 9 11 11 11 11 7 7 9 5 5 3 7 11 11 3
生日快樂歌
3 3 5 3 9 7 3 3 5 3 11 9 3 3 17 13 9 7 5 14 14 13 9 11 9
Jingle Bells
7 7 7 7 7 7 7 11 3 5 7 9 9 9 9 7 7 11 11 9 5 3 17
歡樂頌
7 7 9 11 11 9 7 5 3 3 5 7 7 5 5 7 7 9 11 11 9 7 5 3 3 5 7 5 3 3
童話
3 17 14 13 13 14 13 13 14 13 14 13 11 9 9 13 17 19 19 19 17 11 11 14 13 9 13 17 19 19 19 17 11 11 14 13 14 13 11 9 11 13 5 5 9 9 7 9
晴天
5 11 11 15 17 15 13 11 13 15 15 15 15 13 15 13 11
背對背擁抱
21 21 19 17 19 13 17 21 21 19 17 19 17 11 21 21 19 17 19 13 17 17 17 15 15 13 13 11 11
青花瓷
21 21 18 15 18 10 15 18 21 18 15 21 21 18 15 18 7 15 18 21 15 13
落葉歸根
7 11 11 7 5 11 11 5 5 7 11 7 11 13 17 17 13 11 7 5 3 13 11 11 7 5 7 11 11 7 12 12 13 15 17 15 13 7 5 3 13 11 11 7 11 7 5 3 5 3 5 7 5 3
陽光宅男
9 11 13 14 14 13 14 14 14 13 14 17 14 17 19 19 9 11 13 14 14 13 14 14 14 13 14 13 13 13 9 14 9 11 13 14 14 13 14 14 14 13 14 17 17 19 20 19 19 17 17 19 14 19 17 17 19 14 19 17 17 14 17 14 17 19 14
鐵達尼號
7 7 7 7 6 7 7 6 7 10 12 13 12 10 7 7 7 7 6 7 7 1 7 10 1 15 13 12 10 12 13 12 10 7 6 7 6 6 7 10 12 13 12 10 7 7
龍捲風
11 9 7 7 9 11 11 9 7 7 17 11 9 7 7 9 11 11 9 7 7 3 5 7 11 11 3 5 7 11 11 3 5 3 5 3 5 7 9 11 17
私奔到月球
7 9 11 17 15 11 7 9 11 5 7 3 7 9 7 9 13 11 17 9 7 5 7 9 11 17 15 11 7 9 11 17 15 17 19 21 19 17 13 17 19 21 19 17 13 17 19 17
手掌心
9 12 14 9 9 12 6 6 9 12 6 6 9 0 9 12 14 9 9 18 17 12 9 6 4 6 4 4 6 9 9 12 14 9 9 12 6 6 9 12 17 17 18 14 14 12 10 12 14 18 18 17 14